32 8 8 0 0 0 113 29
33 8 16 48 92 4 26 55
34 8 116 78 48 3 26 84
35 64 8 83 83 4 35 90
36 8 172 59 92 1 26 61
37 8 272 92 92 2 26 96
38 75 172 68 92 2 26 71
39 94 99 48 48 3 26 54
40 8 372 35 88 3 27 43
41 51 372 43 89 8 27 53
42 150 99 42 49 3 54 48
43 155 8 77 77 4 31 85
44 102 372 48 48 3 70 54
45 8 469 64 34 4 51 71
46 102 428 48 48 3 70 54
47 108 272 92 92 0 26 92
48 151 156 74 92 3 26 80
49 158 372 48 96 4 22 55
50 208 256 68 92 3 26 75
51 214 356 69 92 3 26 74
52 233 93 83 92 3 26 88
53 284 193 68 92 2 26 73
54 324 8 69 92 1 26 71
55 291 293 90 92 -1 26 81
56 291 393 74 92 2 26 78
57 373 393 69 92 3 26 75
58 360 108 48 83 3 35 54
59 360 199 48 83 3 35 54
60 233 193 38 52 8 42 54
61 240 8 64 56 4 42 71
62 401 8 38 52 8 42 49
63 389 290 68 92 2 26 72
64 450 390 92 92 0 39 92
65 416 68 99 99 -1 20 89
66 416 175 76 92 3 26 82
67 465 275 90 92 0 26 92
68 500 175 92 92 2 26 91
69 550 375 74 92 4 26 82
70 563 275 74 92 2 26 79
71 632 375 92 92 0 26 91
72 523 8 89 92 4 26 97
73 600 108 48 92 4 26 56
74 620 8 74 92 -1 26 76
75 645 208 91 92 1 26 88
76 656 108 74 92 1 26 76
77 738 8 92 100 4 19 100
78 732 308 83 100 8 19 94
79 744 116 92 92 0 26 92
80 838 8 76 92 1 26 78
81 823 216 100 92 2 26 98
82 844 108 80 92 1 26 77
83 922 8 68 92 1 26 71
84 823 316 83 92 -1 26 82
85 914 316 74 92 3 26 80
86 931 208 99 98 -6 26 89
87 996 314 134 99 -8 26 119
88 932 108 81 92 -4 26 75
89 998 8 81 92 -6 26 70
90 1021 108 82 92 3 26 88
91 732 416 35 88 3 27 43
92 1038 208 93 93 -3 15 92
93 1087 8 43 89 8 27 53
94 214 456 47 43 9 7 64
95 416 275 40 4 2 130 43
96 158 476 30 22 10 0 49
97 1138 8 99 99 -1 20 89
98 1138 309 76 92 3 26 82
99 1138 409 90 92 0 26 92
100 1139 115 92 92 2 26 91
101 1222 215 74 92 4 26 82
102 1239 115 74 92 2 26 79
103 1245 8 92 92 0 26 91
104 1236 315 89 92 4 26 97
105 1304 215 48 92 4 26 56
106 1321 108 74 92 -1 26 76
107 1345 8 91 92 1 26 88
108 1333 315 74 92 1 26 76
109 1403 108 92 100 4 19 100
110 1415 216 83 100 8 19 94
111 1444 8 92 92 0 26 92
112 1503 108 76 92 1 26 78
113 1544 8 100 92 2 26 98
114 1415 324 80 92 1 26 77
115 1503 324 68 92 1 26 71
116 1506 208 83 92 -1 26 82
117 1587 108 74 92 3 26 80
118 1579 308 99 98 -6 26 89
119 1669 8 134 99 -8 26 119
120 1597 208 81 92 -4 26 75
121 1686 115 81 92 -6 26 70
122 1686 215 82 92 3 26 88
123 1360 208 35 88 3 27 43
124 1686 315 37 114 4 15 56
125 1236 415 43 89 8 27 53
126 1579 414 88 37 3 54 93
32 0 0 0 0 3 54 29